# unix_time, cycles_done, cur_path, paths_total, pending_total, pending_favs, map_size, unique_crashes, unique_hangs, max_depth, execs_per_sec
1455987766, 0, 0, 1, 1, 1, 0.08%, 0, 0, 1, 344.83
1455987776, 1, 0, 1, 0, 0, 0.08%, 0, 0, 1, 860.46
1455987781, 2, 0, 1, 0, 0, 0.08%, 0, 0, 1, 878.73
1455987786, 3, 0, 1, 0, 0, 0.08%, 0, 0, 1, 863.37
1455987791, 4, 0, 1, 0, 0, 0.08%, 0, 0, 1, 813.40
1455987796, 5, 0, 1, 0, 0, 0.08%, 0, 0, 1, 861.43
1455987801, 6, 0, 1, 0, 0, 0.08%, 0, 0, 1, 858.99
1455987812, 7, 0, 1, 0, 0, 0.08%, 0, 0, 1, 875.61
1455987817, 8, 0, 1, 0, 0, 0.08%, 0, 0, 1, 837.57
1455987822, 9, 0, 1, 0, 0, 0.08%, 0, 0, 1, 867.42
1455987827, 10, 0, 1, 0, 0, 0.08%, 0, 0, 1, 880.13
1455987832, 11, 0, 1, 0, 0, 0.08%, 0, 0, 1, 876.71
1455987837, 12, 0, 1, 0, 0, 0.08%, 0, 0, 1, 874.43
1455987842, 13, 0, 1, 0, 0, 0.08%, 0, 0, 1, 874.93
1455987847, 14, 0, 1, 0, 0, 0.08%, 0, 0, 1, 884.73
1455987857, 15, 0, 1, 0, 0, 0.08%, 0, 0, 1, 850.72
1455987862, 16, 0, 1, 0, 0, 0.08%, 0, 0, 1, 861.28
1455987867, 17, 0, 1, 0, 0, 0.08%, 0, 0, 1, 847.08
1455987872, 18, 0, 1, 0, 0, 0.08%, 0, 0, 1, 865.99
1455987877, 19, 0, 1, 0, 0, 0.08%, 0, 0, 1, 852.55
1455987882, 20, 0, 1, 0, 0, 0.08%, 0, 0, 1, 843.08
1455987893, 21, 0, 1, 0, 0, 0.08%, 0, 0, 1, 815.90
1455987898, 22, 0, 1, 0, 0, 0.08%, 0, 0, 1, 861.54
1455987903, 23, 0, 1, 0, 0, 0.08%, 0, 0, 1, 834.68
1455987908, 24, 0, 1, 0, 0, 0.08%, 0, 0, 1, 869.02
1455987913, 25, 0, 1, 0, 0, 0.08%, 0, 0, 1, 820.40
1455987918, 26, 0, 1, 0, 0, 0.08%, 0, 0, 1, 870.18
1455987928, 27, 0, 1, 0, 0, 0.08%, 0, 0, 1, 863.15
1455987933, 28, 0, 1, 0, 0, 0.08%, 0, 0, 1, 872.83
